14

BatteryAge AlternatorBroken FanbeltBroken BatteryDead NoCharging BatteryMeter BatteryFlat NoOil NoFuel Lights OilLight FuelGauge CarWontStart Dipstick

0 0 0 1 0 0 0 0 0 0 0 0 0 0
0 0 0 0 1 0 0 0 0 0 0 0 0 0
0 0 0 0 1 0 0 0 0 0 0 0 0 0
0 0 0 0 0 1 1 0 0 0 0 0 0 0
0 0 0 0 0 0 1 0 0 0 0 0 0 0
0 0 0 0 0 0 0 0 0 0 0 0 0 0
0 0 0 0 0 0 0 0 0 1 1 1 1 0
0 0 0 0 0 0 0 0 0 0 1 0 1 1
0 0 0 0 0 0 0 0 0 0 0 1 1 0
0 0 0 0 0 0 0 0 0 0 0 0 0 0
0 0 0 0 0 0 0 0 0 0 0 0 0 0
0 0 0 0 0 0 0 0 0 0 0 0 0 0
0 0 0 0 0 0 0 0 0 0 0 0 0 0
0 0 0 0 0 0 0 0 0 0 0 0 0 0

0.05 0.95

0.01 0.99

0.02 0.98

0.05 0.95
0.5 0.5

0.01 0.99
0.95 0.05
0.95 0.05
0.99 0.01

0.05 0.95
0.8 0.2

0.02 0.98
0.01 0.99
0.8 0.2
1 0 

0.1 0.9

0.3 0.7

0.99 0.01
0.1 0.9

0.01 0.99
0.99 0.01
0.2 0.8
0.8 0.2

0.01 0.99
0.7 0.3
0.2 0.8
0.2 0.8

0.01 0.99
0.9 0.1
0.4 0.6
0.92 0.08
0.95 0.05
0.96 0.04
0.96 0.04
1 0

0.3 0.7
0.9 0.1

